  PERMNO        date             PRC           ASKHI           BIDLO            RET        vwretd        ewretd        sprtrn
   12490    19680131       594.50000       623.00000       588.75000      -0.051834     -0.036330      0.023902     -0.043848
   12490    19680229       580.00000       599.50000       571.00000      -0.022204     -0.033624     -0.056118     -0.031223
   12490    19680329       612.50000       612.50000       562.00000       0.056034      0.005116     -0.011218      0.009400
   12490    19680430       677.50000       677.50000       630.00000       0.106122      0.094148      0.143031      0.081929
   12490    19680531       357.00000       696.00000       329.50000       0.055793      0.027041      0.091309      0.011169
   12490    19680628       353.75000       375.00000       346.50000      -0.009104      0.011527      0.016225      0.009120
   12490    19680730       338.75000       365.00000       331.50000      -0.042403     -0.022024     -0.026210     -0.018478
   12490    19680830       335.00000       345.00000       335.00000      -0.009151      0.018038      0.035918      0.011459
   12490    19680930       335.00000       340.50000       331.00000       0.000000      0.044454      0.068808      0.038539
   12490    19681031       307.00000       331.00000       307.00000      -0.081642      0.009041      0.006913      0.007208
   12490    19681129       333.75000       334.50000       309.00000       0.087134      0.058502      0.071994      0.047964
   12490    19681231       315.00000       330.00000       313.50000      -0.056180     -0.033873      0.005896     -0.041617
   12490    19690131       296.25000       313.75000       296.25000      -0.059524     -0.006711     -0.001688     -0.008184
   12490    19690228       293.37500       310.25000       293.37500      -0.007004     -0.053640     -0.085728     -0.047374
   12490    19690328       314.00000       314.00000       294.75000       0.070303      0.030506      0.020290      0.034444
   12490    19690430       328.00000       328.00000       306.50000       0.044586      0.020526      0.003459      0.021476
   12490    19690529       319.00000       334.00000       319.00000      -0.025000      0.005040      0.006262     -0.002218
   12490    19690630       337.75000       337.75000       308.00000       0.058777     -0.067387     -0.113404     -0.055577
   12490    19690731       324.50000       351.25000       313.00000      -0.039230     -0.065172     -0.095823     -0.060178
   12490    19690829       345.00000       350.25000       326.75000       0.066256      0.051490      0.052175      0.040074
   12490    19690930       345.25000       358.50000       335.25000       0.000725     -0.022590     -0.024618     -0.025024
   12490    19691031       360.50000       364.00000       341.50000       0.044171      0.055638      0.092413      0.044244
   12490    19691128       357.00000       367.75000       345.75000      -0.006935     -0.032164     -0.055078     -0.035274
   12490    19691231       364.50000       366.50000       351.50000       0.021008     -0.019681     -0.066178     -0.018655
   12490    19700130       335.25000       381.50000       335.25000      -0.080247     -0.073254     -0.038830     -0.076472
   12490    19700227       340.25000       355.00000       338.50000       0.018494      0.056706      0.040195      0.052693
   12490    19700331       338.50000       338.50000       316.75000      -0.005143     -0.004729     -0.023712      0.001453
   12490    19700430       298.00000       337.75000       290.25000      -0.119645     -0.105318     -0.161963     -0.090483
   12490    19700529       278.00000       296.75000       241.00000      -0.063087     -0.064346     -0.090524     -0.060967
   12490    19700630       250.00000       287.00000       250.00000      -0.100719     -0.051075     -0.073904     -0.050033
   12490    19700731       252.25000       259.50000       242.50000       0.013800      0.074169      0.059258      0.073295
   12490    19700831       266.25000       271.25000       223.00000       0.055500      0.050036      0.061617      0.044459
   12490    19700930       291.75000       291.75000       263.87500       0.095775      0.047536      0.126098      0.032998
   12490    19701030       294.00000       307.12500       284.50000       0.011825     -0.018208     -0.058604     -0.011400
   12490    19701130       307.25000       308.50000       290.50000       0.045068      0.050448      0.003021      0.047447
   12490    19701231       317.75000       320.25000       308.00000       0.034174      0.060723      0.081324      0.056766
   12490    19710129       325.50000       326.00000       310.00000       0.024390      0.052030      0.136096      0.040477
   12490    19710226       336.50000       341.62500       327.25000       0.037788      0.016913      0.047910      0.009074
   12490    19710331       357.50000       363.50000       337.25000       0.062407      0.044778      0.056603      0.036796
   12490    19710430       357.75000       362.00000       352.00000       0.000699      0.033332      0.027087      0.036288
   12490    19710528       327.00000       353.50000       327.00000      -0.082320     -0.036409     -0.049435     -0.041558
   12490    19710630       317.00000       328.75000       311.25000      -0.030581      0.003119     -0.017240      0.000703
   12490    19710730       291.25000       319.00000       291.25000      -0.081230     -0.040283     -0.053634     -0.041324
   12490    19710831       304.00000       318.25000       284.00000       0.048240      0.042511      0.041159      0.036095
   12490    19710930       303.75000       310.50000       299.50000      -0.000822     -0.005016     -0.004653     -0.006968
   12490    19711029       300.50000       315.12500       297.00000      -0.010700     -0.040682     -0.057468     -0.041794
   12490    19711130       305.50000       305.50000       290.50000       0.020965     -0.001262     -0.034150     -0.002547
   12490    19711231       336.50000       346.00000       309.50000       0.101473      0.091257      0.117128      0.086179
   12490    19720131       368.00000       368.75000       333.00000       0.093611      0.028383      0.103892      0.018121
   12490    19720229       368.50000       373.75000       364.75000       0.005027      0.031349      0.041809      0.025303
   12490    19720330       382.25000       385.00000       371.50000       0.037313      0.008722     -0.000951      0.005912
   12490    19720428       386.00000       397.50000       380.00000       0.009810      0.005505      0.001231      0.004384
   12490    19720531       397.75000       404.00000       379.00000       0.033938      0.016375     -0.018121      0.017275
   12490    19720630       392.00000       399.75000       387.75000      -0.014456     -0.020896     -0.033775     -0.021821
   12490    19720731       400.75000       404.00000       388.00000       0.022321     -0.004254     -0.029488      0.002333
   12490    19720831       408.50000       425.50000       404.25000       0.022707      0.035966      0.012252      0.034454
   12490    19720929       406.50000       407.00000       395.00000      -0.004896     -0.007671     -0.030725     -0.004861
   12490    19721031       385.50000       406.75000       364.50000      -0.051661      0.008676     -0.013767      0.009317
   12490    19721130       391.00000       394.00000       371.50000       0.017769      0.049764      0.051096      0.045617
   12490    19721229       402.00000       404.25000       385.50000       0.028133      0.011243     -0.019873      0.011828
   12490    19730131       435.50000       444.25000       409.00000       0.083333     -0.027455     -0.026133     -0.017111
   12490    19730228       431.50000       451.00000       423.00000      -0.005970     -0.044368     -0.072836     -0.037490
   12490    19730330       431.50000       448.75000       425.50000       0.000000     -0.007851     -0.028981     -0.001433
   12490    19730430       408.00000       434.25000       405.25000      -0.054461     -0.051759     -0.070620     -0.040800
   12490    19730531       314.75000       424.00000       314.75000      -0.032261     -0.024503     -0.083582     -0.018884
   12490    19730629       317.00000       329.50000       308.75000       0.007149     -0.008647     -0.037745     -0.006575
   12490    19730731       314.50000       320.75000       298.50000      -0.007886      0.056954      0.105922      0.037982
   12490    19730831       301.00000       313.00000       297.75000      -0.039364     -0.029648     -0.044417     -0.036685
   12490    19730928       258.00000       298.25000       251.50000      -0.142857      0.053937      0.072995      0.040096
   12490    19731031       280.25000       291.50000       248.50000       0.086240     -0.000427      0.000303     -0.001291
   12490    19731130       265.00000       289.75000       263.50000      -0.050419     -0.120703     -0.175252     -0.113861
   12490    19731231       246.75000       265.00000       237.50000      -0.068868      0.011425     -0.041764      0.016569
   12490    19740131       245.25000       250.75000       227.25000      -0.006079      0.004408      0.132374     -0.010046
   12490    19740228       237.87500       241.25000       226.50000      -0.024852      0.002352      0.008623     -0.003624
   12490    19740329       235.75000       250.00000       235.75000      -0.008933     -0.023365      0.008379     -0.023280
   12490    19740430       227.25000       240.12500       221.62500      -0.036055     -0.045957     -0.055537     -0.039051
   12490    19740531       212.50000       230.50000       210.62500      -0.059274     -0.041982     -0.072545     -0.033551
   12490    19740628       212.75000       230.25000       212.00000       0.001176     -0.022942     -0.033483     -0.014665
   12490    19740731       201.62500       222.25000       197.75000      -0.052291     -0.070879     -0.051915     -0.077791
   12490    19740830       192.00000       214.75000       188.75000      -0.040298     -0.087756     -0.085788     -0.090279
   12490    19740930       159.00000       183.50000       152.00000      -0.171875     -0.109718     -0.079025     -0.119335
   12490    19741031       189.12500       193.00000       156.25000       0.189465      0.165585      0.088877      0.163047
   12490    19741129       177.25000       195.87500       168.50000      -0.054858     -0.041047     -0.051395     -0.053180
   12490    19741231       168.00000       172.00000       162.25000      -0.052186     -0.027005     -0.080744     -0.020151
   12490    19750131       188.25000       188.25000       158.12500       0.120536      0.141600      0.299260      0.122812
   12490    19750228       215.50000       220.12500       191.75000       0.152722      0.058411      0.053918      0.059886
   12490    19750331       206.62500       220.00000       204.62500      -0.041183      0.030191      0.081497      0.021694
   12490    19750430       209.87500       213.75000       197.87500       0.015729      0.046497      0.031093      0.047265
   12490    19750530       215.00000       223.50000       207.62500       0.031566      0.055140      0.072876      0.044101
   12490    19750630       209.00000       218.50000       203.50000      -0.027907      0.051473      0.071792      0.044323
   12490    19750731       190.25000       209.50000       190.25000      -0.089713     -0.060385     -0.008960     -0.067654
   12490    19750829       186.25000       189.25000       176.50000      -0.011827     -0.023557     -0.048118     -0.021070
   12490    19750930       188.25000       196.00000       178.12500       0.010738     -0.038010     -0.038867     -0.034645
   12490    19751031       212.25000       215.37500       183.37500       0.127490      0.055857      0.014720      0.061643
   12490    19751128       226.37500       226.37500       211.25000       0.074794      0.031223      0.016796      0.024708
   12490    19751231       224.25000       224.25000       214.62500      -0.009387     -0.010998     -0.000599     -0.011508
   12490    19760130       257.75000       257.75000       226.50000       0.149387      0.126011      0.190037      0.118306
   12490    19760227       255.62500       263.75000       252.50000      -0.001455      0.007314      0.106291     -0.011402
   12490    19760331       262.00000       265.75000       256.25000       0.024939      0.026799      0.018109      0.030689
   12490    19760430       253.37500       272.00000       253.37500      -0.032920     -0.010389     -0.003810     -0.010995
   12490    19760528       256.62500       258.00000       249.00000       0.019734     -0.009369     -0.019680     -0.014364
   12490    19760630       276.75000       276.75000       253.00000       0.078422      0.044487      0.026510      0.040926
   12490    19760730       272.12500       279.75000       270.50000      -0.016712     -0.006157      0.002236     -0.008055
   12490    19760831       273.62500       280.00000       268.87500       0.013780     -0.001435     -0.016673     -0.005124
   12490    19760930       281.37500       287.75000       276.37500       0.028323      0.024484      0.016990      0.022641
   12490    19761029       271.75000       281.25000       256.50000      -0.034207     -0.020373     -0.022586     -0.022235
   12490    19761130       271.00000       274.12500       259.50000       0.005520      0.005364      0.026686     -0.007775
   12490    19761231       279.12500       280.50000       265.00000       0.029982      0.061591      0.102410      0.052498
   12490    19770131       275.25000       277.50000       268.25000      -0.013883     -0.036337      0.036903     -0.050530
   12490    19770228       276.00000       276.50000       267.00000       0.011807     -0.015760      0.004400     -0.021660
   12490    19770331       276.50000       285.50000       276.50000       0.001812     -0.009246      0.010654     -0.014025
   12490    19770429       258.75000       278.75000       258.00000      -0.064195      0.004952      0.016931      0.000203
   12490    19770531       245.50000       262.87500       245.25000      -0.041546     -0.010785      0.002870     -0.023568
   12490    19770630       264.00000       267.12500       246.50000       0.075356      0.051367      0.051503      0.045360
   12490    19770729       268.12500       274.87500       259.12500       0.015625     -0.012810      0.012362     -0.016222
   12490    19770831       268.37500       271.25000       264.00000       0.010256     -0.013352     -0.001233     -0.021042
   12490    19770930       261.00000       268.50000       255.75000      -0.027480      0.001574      0.014968     -0.002480
   12490    19771031       257.25000       262.50000       255.25000      -0.014368     -0.039280     -0.023190     -0.043406
   12490    19771130       264.00000       268.75000       249.62500       0.035957      0.045432      0.070872      0.026966
   12490    19771230       273.50000       273.50000       260.50000       0.035985      0.008218      0.021081      0.002847
   12490    19780131       265.50000       270.75000       264.25000      -0.029250     -0.055202     -0.011152     -0.061514
   12490    19780228       251.25000       265.50000       251.25000      -0.042825     -0.009275      0.026008     -0.024762
   12490    19780331       235.50000       251.50000       235.50000      -0.062687      0.034013      0.067839      0.024931
   12490    19780428       266.00000       266.00000       236.25000       0.129512      0.082841      0.079317      0.085416
   12490    19780531       258.25000       267.25000       258.25000      -0.018308      0.023238      0.067620      0.004234
   12490    19780630       257.25000       274.25000       257.12500      -0.003872     -0.010751      0.010292     -0.017585
   12490    19780731       281.00000       281.00000       256.75000       0.092323      0.056749      0.052394      0.053910
   12490    19780831       291.87500       297.75000       279.12500       0.048950      0.042352      0.093545      0.025924
   12490    19780929       277.00000       304.50000       275.00000      -0.050964     -0.006891      0.006200     -0.007261
   12490    19781031       264.25000       290.50000       264.25000      -0.046029     -0.110997     -0.177280     -0.091574
   12490    19781130       269.50000       276.12500       258.50000       0.030766      0.033792      0.038205      0.016640
   12490    19781229       298.50000       309.50000       270.12500       0.107607      0.017710      0.014346      0.014889
   12490    19790131       308.75000       315.50000       303.50000       0.034338      0.049489      0.093661      0.039746
   12490    19790228       300.00000       311.00000       298.50000      -0.017198     -0.026766     -0.016269     -0.036526
   12490    19790330       315.50000       320.75000       300.75000       0.051667      0.065618      0.084167      0.055152
   12490    19790430       314.25000       320.75000       306.75000      -0.003962      0.008522      0.028814      0.001673
   12490    19790531       304.00000       319.75000       303.62500      -0.021671     -0.013576     -0.006845     -0.026336
   12490    19790629        73.37500        78.00000        72.62500      -0.034539      0.046850      0.054663      0.038656
   12490    19790731        69.75000        73.62500        68.50000      -0.049404      0.014991      0.021366      0.008746
   12490    19790831        70.00000        72.25000        68.87500       0.015914      0.064728      0.075616      0.053078
   12490    19790928        67.75000        71.25000        66.25000      -0.032143      0.001428     -0.001172      0.000000
   12490    19791031        62.37500        68.87500        61.87500      -0.079336     -0.072660     -0.097915     -0.068606
   12490    19791130        65.25000        65.75000        61.50000       0.059880      0.063603      0.065295      0.042624
   12490    19791231        64.37500        67.25000        64.00000      -0.013410      0.028212      0.067485      0.016767
   12490    19800131        68.62500        71.25000        62.50000       0.066019      0.065607      0.105129      0.057625
   12490    19800229        63.50000        69.62500        62.00000      -0.062149      0.001015     -0.006301     -0.004380
   12490    19800331        55.75000        63.25000        53.00000      -0.122047     -0.120224     -0.165043     -0.101795
   12490    19800430        54.87500        55.50000        51.12500      -0.015695      0.052288      0.053461      0.041140
   12490    19800530        55.37500        56.37500        52.12500       0.024784      0.060090      0.071249      0.046571
   12490    19800630        58.75000        60.37500        56.00000       0.060948      0.037714      0.046176      0.026969
   12490    19800731        65.25000        66.00000        59.50000       0.110638      0.069438      0.089279      0.065039
   12490    19800829        65.50000        68.87500        64.25000       0.017011      0.023553      0.063984      0.005835
   12490    19800930        64.12500        68.12500        63.75000      -0.020992      0.029498      0.052459      0.025168
   12490    19801031        66.62500        70.50000        65.12500       0.038986      0.020093      0.047525      0.016021
   12490    19801128        68.12500        72.00000        66.50000       0.035422      0.104951      0.069205      0.102377
   12490    19801231        67.87500        69.00000        63.62500      -0.003670     -0.034409     -0.032416     -0.033874
   12490    19810130        64.37500        71.50000        64.37500      -0.051565     -0.040085      0.005615     -0.045742
   12490    19810227        64.25000        64.75000        60.50000       0.011417      0.015521      0.002150      0.013277
   12490    19810331        62.37500        64.75000        61.50000      -0.029183      0.046184      0.072674      0.036033
   12490    19810430        58.62500        63.00000        58.62500      -0.060120     -0.011268      0.027885     -0.023456
   12490    19810529        58.75000        59.12500        55.50000       0.016802      0.013551      0.027187     -0.001657
   12490    19810630        57.87500        60.25000        57.37500      -0.014894     -0.010242     -0.013194     -0.010408
   12490    19810731        56.12500        57.00000        54.87500      -0.030238     -0.003080     -0.019980     -0.002210
   12490    19810831        55.12500        58.75000        55.12500      -0.002494     -0.056279     -0.071906     -0.062099
   12490    19810930        54.12500        56.00000        53.12500      -0.018141     -0.063772     -0.090061     -0.053832
   12490    19811030        51.50000        55.87500        49.00000      -0.048499      0.060162      0.069728      0.049148
   12490    19811130        54.50000        54.50000        50.37500       0.074951      0.045849      0.021667      0.036590
   12490    19811231        56.87500        57.25000        53.00000       0.043578     -0.028096     -0.019694     -0.030075
   12490    19820129        63.62500        64.37500        56.75000       0.118681     -0.026209     -0.017347     -0.017544
   12490    19820226        61.87500        63.25000        60.37500      -0.013988     -0.051126     -0.047987     -0.060548
   12490    19820331        59.75000        62.12500        57.37500      -0.034343     -0.010099     -0.012064     -0.010167
   12490    19820430        64.25000        66.00000        61.00000       0.075314      0.043267      0.052242      0.040014
   12490    19820528        61.50000        65.12500        61.50000      -0.029416     -0.028212     -0.022490     -0.039162
   12490    19820630        60.62500        62.00000        58.12500      -0.014228     -0.023912     -0.036699     -0.020290
   12490    19820730        65.62500        67.50000        60.00000       0.082474     -0.020526     -0.014776     -0.022991
   12490    19820831        70.50000        70.50000        62.25000       0.087390      0.119013      0.063285      0.115977
   12490    19820930        73.37500        76.75000        69.75000       0.040780      0.016761      0.033164      0.007614
   12490    19821029        79.87500        84.50000        74.12500       0.088586      0.118636      0.128447      0.110364
   12490    19821130        86.50000        86.50000        80.50000       0.093709      0.051935      0.092037      0.036123
   12490    19821231        96.25000        96.62500        86.50000       0.112717      0.014516      0.023447      0.015158
   12490    19830131        98.87500        99.62500        93.00000       0.027273      0.041850      0.117062      0.033134
   12490    19830228        99.00000       100.87500        94.50000       0.009962      0.030219      0.047266      0.018995
   12490    19830331       101.75000       104.25000        98.87500       0.027778      0.034673      0.050515      0.033095
   12490    19830429       117.00000       117.25000       102.00000       0.149877      0.074188      0.080687      0.074922
   12490    19830531       111.25000       117.62500       110.75000      -0.041026      0.013226      0.091740     -0.012346
   12490    19830630       120.25000       123.50000       111.87500       0.080899      0.037838      0.046341      0.035224
   12490    19830729       120.37500       125.87500       119.25000       0.001040     -0.031567     -0.017556     -0.033014
   12490    19830831       119.50000       123.00000       116.25000       0.000623      0.003463     -0.032920      0.011319
   12490    19830930       126.87500       128.75000       118.62500       0.061715      0.016059      0.000051      0.010158
   12490    19831031       126.75000       134.25000       126.75000      -0.000985     -0.028049     -0.059273     -0.015174
   12490    19831130       117.37500       127.50000       117.37500      -0.066469      0.029556      0.031713      0.017426
   12490    19831230       122.00000       124.62500       117.62500       0.039404     -0.010464     -0.019672     -0.008834
   12490    19840131       114.12500       124.25000       113.87500      -0.064549     -0.013023      0.005424     -0.009216
   12490    19840229       110.25000       114.37500       107.75000      -0.025630     -0.039073     -0.050767     -0.038859
   12490    19840330       114.00000       115.37500       107.62500       0.034014      0.013389      0.007449      0.013498
   12490    19840430       113.75000       113.75000       108.75000      -0.002193      0.002534     -0.020524      0.005466
   12490    19840531       107.75000       116.50000       106.62500      -0.044396     -0.052342     -0.051570     -0.059356
   12490    19840629       105.75000       108.25000        99.50000      -0.018561      0.023385      0.011996      0.017469
   12490    19840731       110.75000       110.75000       104.37500       0.047281     -0.020621     -0.050303     -0.016451
   12490    19840831       123.75000       125.87500       112.87500       0.127314      0.112689      0.088817      0.106332
   12490    19840928       124.25000       127.62500       121.62500       0.004040      0.000404     -0.000377     -0.003480
   12490    19841031       124.62500       126.75000       120.25000       0.011871     -0.000074     -0.023756     -0.000060
   12490    19841130       121.75000       127.50000       120.00000      -0.023069     -0.010685     -0.031506     -0.015112
   12490    19841231       123.12500       124.25000       117.12500       0.011294      0.023656      0.002732      0.022374
   12490    19850131       136.37500       137.00000       119.75000       0.107614      0.085718      0.121475      0.074085
   12490    19850228       134.00000       137.62500       131.37500      -0.009349      0.016896      0.046034      0.008685
   12490    19850329       127.00000       135.87500       124.50000      -0.052239     -0.001747     -0.003581     -0.002925
   12490    19850430       126.50000       129.75000       123.87500      -0.003937     -0.002186     -0.009652     -0.004594
   12490    19850531       128.62500       133.00000       124.75000       0.025494      0.055775      0.022221      0.054051
   12490    19850628       123.75000       129.75000       118.62500      -0.037901      0.017091      0.002103      0.012134
   12490    19850731       131.37500       132.00000       121.25000       0.061616     -0.000251      0.021382     -0.004848
   12490    19850830       126.62500       132.50000       125.75000      -0.027783     -0.004795     -0.002214     -0.011995
   12490    19850930       123.87500       129.37500       123.75000      -0.021718     -0.039825     -0.056859     -0.034724
   12490    19851031       129.87500       131.12500       123.50000       0.048436      0.044441      0.017652      0.042509
   12490    19851129       139.75000       140.25000       130.87500       0.084504      0.069228      0.052563      0.065062
   12490    19851231       155.50000       158.25000       137.87500       0.112701      0.043061      0.028021      0.045061
   12490    19860131       151.50000       156.00000       144.25000      -0.025723      0.009829      0.044071      0.002367
   12490    19860228       150.87500       159.75000       150.87500       0.003135      0.072500      0.060381      0.071489
   12490    19860331       151.50000       152.37500       146.00000       0.004143      0.053885      0.047192      0.052794
   12490    19860430       156.25000       161.37500       148.25000       0.031353     -0.007900      0.016144     -0.014148
   12490    19860530       152.37500       156.87500       143.37500      -0.017760      0.050844      0.036194      0.050229
   12490    19860630       146.50000       152.75000       145.00000      -0.038556      0.014246      0.008087      0.014110
   12490    19860731       132.50000       149.50000       131.25000      -0.095563     -0.059700     -0.073128     -0.058683
   12490    19860829       138.75000       141.12500       130.00000       0.055472      0.066181      0.023269      0.071193
   12490    19860930       134.50000       144.12500       134.25000      -0.030631     -0.079021     -0.059071     -0.085439
   12490    19861031       123.62500       133.50000       120.25000      -0.080855      0.049303      0.023777      0.054729
   12490    19861128       127.12500       127.12500       119.87500       0.037209      0.015093     -0.006263      0.021477
   12490    19861231       120.00000       129.87500       120.00000      -0.056047     -0.026388     -0.034609     -0.028288
   12490    19870130       128.75000       130.00000       116.50000       0.072917      0.128496      0.117565      0.131767
   12490    19870227       139.50000       143.37500       132.25000       0.092039      0.047918      0.074612      0.036924
   12490    19870331       150.12500       155.62500       138.12500       0.076165      0.023664      0.036283      0.026390
   12490    19870430       160.12500       160.12500       144.00000       0.066611     -0.017001     -0.017709     -0.011450
   12490    19870529       160.00000       166.87500       156.62500       0.006089      0.005125      0.000573      0.006034
   12490    19870630       162.50000       167.87500       156.62500       0.015625      0.043662      0.021487      0.047915
   12490    19870731       161.00000       169.87500       160.12500      -0.009231      0.044248      0.035123      0.048224
   12490    19870831       168.37500       174.75000       159.25000       0.052640      0.037146      0.014544      0.034959
   12490    19870930       150.75000       162.87500       150.50000      -0.104677     -0.020774     -0.015876     -0.024166
   12490    19871030       122.50000       156.50000       104.00000      -0.187396     -0.225363     -0.272248     -0.217630
   12490    19871130       110.75000       124.50000       110.75000      -0.086939     -0.072273     -0.050850     -0.085349
   12490    19871231       115.50000       119.87500       106.50000       0.042889      0.070327      0.026065      0.072861
   12490    19880129       112.37500       123.37500       110.37500      -0.027056      0.044880      0.077392      0.040432
   12490    19880229       117.50000       117.50000       107.75000       0.055395      0.051695      0.060265      0.041817
   12490    19880331       107.62500       117.62500       105.12500      -0.084043     -0.016598      0.035690     -0.033343
   12490    19880429       113.37500       116.12500       107.50000       0.053426      0.010991      0.014016      0.009425
   12490    19880531       112.50000       114.62500       108.00000       0.001985      0.000448     -0.017671      0.003176
   12490    19880630       127.37500       127.37500       112.62500       0.132222      0.051460      0.047677      0.043256
   12490    19880729       125.75000       129.25000       120.12500      -0.012758     -0.007272      0.000289     -0.005411
   12490    19880831       111.50000       126.25000       110.75000      -0.104573     -0.028006     -0.025001     -0.038600
   12490    19880930       115.37500       115.37500       110.25000       0.034753      0.037202      0.016951      0.039729
   12490    19881031       122.62500       124.87500       113.87500       0.062839      0.017637     -0.011485      0.025964
   12490    19881130       118.50000       124.00000       115.50000      -0.024669     -0.016412     -0.036484     -0.018891
   12490    19881230       121.87500       123.37500       118.25000       0.028481      0.021075      0.018872      0.014688
   12490    19890131       130.62500       130.62500       121.12500       0.071795      0.066103      0.062124      0.071115
   12490    19890228       121.50000       129.62500       121.12500      -0.061435     -0.016446      0.002988     -0.028944
   12490    19890331       109.12500       121.50000       108.75000      -0.101852      0.021465      0.018060      0.020806
   12490    19890428       114.00000       114.62500       107.12500       0.044674      0.048204      0.029089      0.050090
   12490    19890531       109.62500       113.37500       108.25000      -0.027763      0.039338      0.025054      0.035138
   12490    19890630       111.87500       114.37500       108.37500       0.020525     -0.004866     -0.007744     -0.007925
   12490    19890731       115.00000       116.00000       111.62500       0.027933      0.077131      0.031017      0.088370
   12490    19890831       117.12500       118.25000       113.00000       0.029000      0.022127      0.018626      0.015517
   12490    19890929       109.25000       117.75000       109.00000      -0.067236     -0.001474      0.005532     -0.006544
   12490    19891031       100.25000       109.25000        99.50000      -0.082380     -0.029281     -0.049934     -0.025175
   12490    19891130        97.62500       100.37500        96.62500      -0.014115      0.017815     -0.005800      0.016541
   12490    19891229        94.12500        99.62500        93.62500      -0.035851      0.018295     -0.012375      0.021417
   12490    19900131        98.62500       100.37500        95.87500       0.047809     -0.070115     -0.046408     -0.068817
   12490    19900228       103.87500       104.87500        97.75000       0.065501      0.014901      0.015434      0.008539
   12490    19900330       106.12500       109.00000       104.00000       0.021661      0.024140      0.021315      0.024255
   12490    19900430       109.00000       111.12500       105.50000       0.027091     -0.028286     -0.028117     -0.026887
   12490    19900531       120.00000       120.87500       108.00000       0.112018      0.088936      0.045675      0.091989
   12490    19900629       117.50000       121.37500       116.25000      -0.020833     -0.004196      0.005359     -0.008886
   12490    19900731       111.50000       122.37500       111.37500      -0.051064     -0.009405     -0.025732     -0.005223
   12490    19900831       101.87500       111.62500        96.87500      -0.075471     -0.091896     -0.108911     -0.094314
   12490    19900928       106.37500       108.37500       102.37500       0.044172     -0.053843     -0.080468     -0.051184
   12490    19901031       105.37500       109.50000        99.25000      -0.009401     -0.012504     -0.057155     -0.006698
   12490    19901130       113.62500       114.75000       106.50000       0.089775      0.065744      0.035468      0.059934
   12490    19901231       113.00000       114.75000       111.25000      -0.005501      0.029513     -0.004526      0.024828
   12490    19910131       126.75000       127.00000       106.75000       0.121681      0.049078      0.084175      0.041518
   12490    19910228       128.75000       139.50000       126.87500       0.025325      0.075847      0.133898      0.067281
   12490    19910328       113.87500       133.50000       111.62500      -0.115534      0.028923      0.078293      0.022203
   12490    19910430       103.00000       113.50000       103.00000      -0.095499      0.003322      0.031962      0.000346
   12490    19910531       106.12500       106.12500       101.50000       0.042087      0.040732      0.031385      0.038577
   12490    19910628        97.12500       106.37500        97.12500      -0.084806     -0.044029     -0.031773     -0.047893
   12490    19910731       101.25000       102.00000        96.25000       0.042471      0.046795      0.034202      0.044859
   12490    19910830        96.87500       101.25000        94.37500      -0.031259      0.026819      0.027507      0.019649
   12490    19910930       103.62500       105.87500        98.00000       0.069677     -0.010975      0.008130     -0.019144
   12490    19911031        98.25000       104.25000        97.25000      -0.051870      0.017789      0.024639      0.011860
   12490    19911129        92.50000       100.25000        92.50000      -0.046209     -0.037275     -0.023735     -0.043928
   12490    19911231        89.00000        92.25000        84.87500      -0.037838      0.106778      0.035353      0.111588
   12490    19920131        90.00000        96.37500        90.00000       0.011236     -0.001182      0.149970     -0.019900
   12490    19920228        86.87500        92.25000        86.87500      -0.021278      0.013354      0.052124      0.009565
   12490    19920331        83.50000        89.62500        83.25000      -0.038849     -0.023700     -0.014169     -0.021832
   12490    19920430        90.75000        90.75000        81.75000       0.086826      0.013419     -0.033262      0.027893
   12490    19920529        90.75000        93.87500        90.50000       0.013333      0.006439      0.005678      0.000964
   12490    19920630        97.87500        98.62500        89.00000       0.078512     -0.019287     -0.039215     -0.017359
   12490    19920731        94.75000       100.25000        92.37500      -0.031928      0.039900      0.027617      0.039374
   12490    19920831        86.62500        94.87500        85.12500      -0.072982     -0.020820     -0.023900     -0.023998
   12490    19920930        80.75000        88.37500        80.75000      -0.067821      0.012447      0.011050      0.009106
   12490    19921030        66.87500        80.12500        65.75000      -0.171827      0.010986      0.016224      0.002106
   12490    19921130        68.25000        69.12500        61.25000       0.038654      0.040193      0.066686      0.030262
   12490    19921231        50.37500        67.87500        48.87500      -0.261905      0.017768      0.035677      0.010108
   12490    19930129        51.50000        51.50000        46.37500       0.022333      0.012643      0.067612      0.007046
   12490    19930226        54.37500        54.37500        50.00000       0.066311      0.005402     -0.007198      0.010484
   12490    19930331        50.87500        56.62500        50.00000      -0.064368      0.025116      0.031465      0.018697
   12490    19930430        48.62500        52.62500        47.75000      -0.044226     -0.025400     -0.011112     -0.025417
   12490    19930528        52.75000        53.25000        47.50000       0.095938      0.029598      0.038740      0.022717
   12490    19930630        49.37500        54.00000        48.62500      -0.063981      0.005440      0.013419      0.000755
   12490    19930730        44.50000        49.25000        42.25000      -0.098734     -0.000795      0.013719     -0.005327
   12490    19930831        45.75000        45.75000        41.00000       0.033708      0.039479      0.039698      0.034432
   12490    19930930        42.00000        46.00000        41.62500      -0.081967      0.000641      0.025507     -0.009988
   12490    19931029        46.00000        46.25000        42.62500       0.095238      0.018064      0.040518      0.019393
   12490    19931130        53.87500        55.75000        47.75000       0.176630     -0.017606     -0.024467     -0.012911
   12490    19931231        56.50000        59.75000        53.12500       0.048724      0.019513      0.016190      0.010091
   12490    19940131        56.50000        59.50000        55.25000       0.000000      0.031466      0.049166      0.032501
   12490    19940228        52.87500        56.50000        52.00000      -0.059735     -0.024224     -0.009952     -0.030045
   12490    19940331        54.62500        58.62500        52.25000       0.033097     -0.045795     -0.045962     -0.045746
   12490    19940429        57.50000        59.25000        52.25000       0.052632      0.009478     -0.011728      0.011531
   12490    19940531        63.00000        64.00000        56.50000       0.100000      0.009360     -0.000831      0.012419
   12490    19940630        58.75000        65.00000        58.75000      -0.067460     -0.027909     -0.028182     -0.026812
   12490    19940729        61.87500        62.50000        55.62500       0.053191      0.030633      0.015778      0.031467
   12490    19940831        68.50000        70.00000        62.25000       0.111111      0.042597      0.036756      0.037643
   12490    19940930        69.62500        71.00000        67.25000       0.016423     -0.018363      0.004865     -0.026898
   12490    19941031        74.50000        76.12500        68.37500       0.070018      0.014520     -0.003305      0.020834
   12490    19941130        70.75000        74.25000        69.75000      -0.046980     -0.037219     -0.040741     -0.039505
   12490    19941230        73.50000        74.37500        69.50000       0.038869      0.012609     -0.013424      0.012299
   12490    19950131        72.12500        77.50000        71.75000      -0.018707      0.020399      0.027860      0.024278
   12490    19950228        75.25000        75.62500        73.62500       0.046794      0.039615      0.028369      0.036074
   12490    19950331        82.12500        85.00000        75.37500       0.091362      0.027041      0.019518      0.027329
   12490    19950428        94.62500        96.87500        82.87500       0.152207      0.025048      0.026976      0.027960
   12490    19950531        93.00000        97.25000        92.12500      -0.014531      0.034007      0.020270      0.036312
   12490    19950630        96.00000        98.62500        89.12500       0.032258      0.031173      0.049917      0.021279
   12490    19950731       108.87500       110.75000        96.75000       0.134115      0.040783      0.054708      0.031776
   12490    19950831       103.37500       113.62500       101.62500      -0.048220      0.009305      0.032043     -0.000320
   12490    19950929        94.50000       102.75000        92.25000      -0.085852      0.036362      0.026400      0.040098
   12490    19951031        97.25000        99.00000        90.75000       0.029101     -0.011317     -0.041473     -0.004979
   12490    19951130        96.62500       101.50000        93.00000      -0.003856      0.042708      0.016659      0.041049
   12490    19951229        91.37500        96.87500        89.00000      -0.054334      0.015190      0.008928      0.017444
   12490    19960131       108.50000       108.62500        83.12500       0.187414      0.028144      0.034657      0.032617
   12490    19960229       122.62500       128.75000       109.00000       0.132488      0.016310      0.032305      0.006934
   12490    19960329       111.25000       124.62500       108.75000      -0.092762      0.010927      0.024086      0.007917
   12490    19960430       107.75000       119.75000       105.25000      -0.031461      0.025511      0.058049      0.013431
   12490    19960531       106.75000       112.12500       105.87500      -0.006032      0.026800      0.062615      0.022853
   12490    19960628        99.00000       105.87500        98.62500      -0.072600     -0.008298     -0.032167      0.002257
   12490    19960731       107.50000       107.50000        90.25000       0.085859     -0.053819     -0.079602     -0.045748
   12490    19960830       114.37500       115.12500       107.25000       0.067209      0.032463      0.045634      0.018814
   12490    19960930       124.50000       126.50000       113.12500       0.088525      0.053035      0.028753      0.054173
   12490    19961031       129.00000       130.12500       123.75000       0.036145      0.013739     -0.020842      0.026131
   12490    19961129       159.37500       159.37500       127.50000       0.238178      0.065569      0.024696      0.073376
   12490    19961231       151.50000       163.00000       148.62500      -0.049412     -0.011388     -0.002604     -0.021505
   12490    19970131       156.87500       168.00000       145.75000       0.035479      0.053473      0.063831      0.061317
   12490    19970228       143.75000       154.87500       137.62500      -0.081434     -0.001122     -0.010299      0.005928
   12490    19970331       137.25000       146.62500       132.50000      -0.045217     -0.044868     -0.049224     -0.042614
   12490    19970430       160.50000       160.50000       129.25000       0.169399      0.042373     -0.021596      0.058406
   12490    19970530        86.50000       179.25000        86.50000       0.080374      0.071624      0.085194      0.058577
   12490    19970630        90.25000        91.87500        82.87500       0.043353      0.044095      0.043145      0.043453
   12490    19970731       105.75000       107.81250        91.81250       0.171745      0.076514      0.048824      0.078123
   12490    19970829       101.37500       108.00000        99.93750      -0.039480     -0.036290      0.027605     -0.057446
   12490    19970930       106.00000       106.00000        96.25000       0.045623      0.058499      0.081737      0.053154
   12490    19971031        98.50000       106.81250        90.00000      -0.070755     -0.034436     -0.026145     -0.034478
   12490    19971128       109.50000       109.75000        96.62500       0.113706      0.030404     -0.022063      0.044587
   12490    19971231       104.62500       112.87500        98.62500      -0.044521      0.017817     -0.023875      0.015732
   12490    19980130        98.75000       108.37500        96.50000      -0.056153      0.004502      0.015367      0.010150
   12490    19980227       104.43750       105.50000        98.00000       0.059620      0.073303      0.060451      0.070449
   12490    19980331       103.87500       106.00000        96.12500      -0.005386      0.051301      0.046884      0.049946
   12490    19980430       115.87500       118.00000       104.18750       0.115523      0.010903      0.023243      0.009076
   12490    19980529       117.50000       125.81250       116.62500       0.015922     -0.025748     -0.042571     -0.018826
   12490    19980630       114.81250       119.25000       106.12500      -0.022872      0.031944     -0.029150      0.039438
   12490    19980731       132.50000       133.37500       113.68750       0.154056     -0.023367     -0.050546     -0.011615
   12490    19980831       112.62500       132.75000       112.62500      -0.148340     -0.157839     -0.196383     -0.145797
   12490    19980930       128.50000       133.62500       117.93750       0.140954      0.063827      0.043248      0.062396
   12490    19981030       148.50000       148.75000       119.25000       0.155642      0.074393      0.037827      0.080294
   12490    19981130       165.12500       170.00000       147.37500       0.113434      0.062024      0.075912      0.059126
   12490    19981231       184.37500       189.25000       162.87500       0.116578      0.063051      0.018861      0.056375
   12490    19990129       183.25000       197.00000       178.31250      -0.006102      0.038456      0.064848      0.041009
   12490    19990226       169.75000       179.75000       162.75000      -0.072469     -0.038085     -0.042172     -0.032283
   12490    19990331       177.25000       182.87500       165.37500       0.044183      0.037932     -0.001373      0.038794
   12490    19990430       209.18750       212.00000       166.75000       0.180183      0.049105      0.083900      0.037944
   12490    19990528       116.00000       246.00000       116.00000       0.110200     -0.020708      0.025134     -0.024970
   12490    19990630       129.25000       129.25000       112.00000       0.114224      0.050820      0.038391      0.054438
   12490    19990730       125.68750       137.87500       123.00000      -0.027563     -0.030716      0.007271     -0.032046
   12490    19990831       124.56250       128.50000       118.50000      -0.007996     -0.009987     -0.030607     -0.006254
   12490    19990930       121.00000       135.00000       120.06250      -0.028600     -0.022846     -0.014250     -0.028552
   12490    19991029        98.25000       122.00000        91.00000      -0.188017      0.062147     -0.001351      0.062539
   12490    19991130       103.06250       107.87500        90.25000       0.050204      0.036822      0.091409      0.019062
   12490    19991231       107.87500       118.57813       103.75000       0.046695      0.083758      0.084830      0.057844
   12490    20000131       112.25000       121.87500       111.56250       0.040556     -0.039612      0.050610     -0.050904
   12490    20000229       102.75000       119.12500       102.75000      -0.083563      0.031777      0.120436     -0.020108
   12490    20000331       118.00000       126.87500       100.50000       0.148418      0.053500     -0.000429      0.096720
   12490    20000428       111.50000       123.62500       104.00000      -0.055085     -0.059530     -0.088504     -0.030796
   12490    20000531       107.37500       111.87500       103.00000      -0.035830     -0.038871     -0.057324     -0.021915
   12490    20000630       109.56250       121.00000       106.00000       0.020373      0.051597      0.079228      0.023934
   12490    20000731       112.43750       117.00000       101.75000       0.026241     -0.017712     -0.019354     -0.016341
   12490    20000831       132.00000       132.87500       110.56250       0.175142      0.075007      0.059257      0.060699
   12490    20000929       112.50000       133.62500       112.50000      -0.147727     -0.051145     -0.040102     -0.053483
   12490    20001031        98.50000       117.93750        87.56250      -0.124444     -0.024492     -0.066807     -0.004949
   12490    20001130        93.50000       103.25000        93.00000      -0.049442     -0.102371     -0.118559     -0.080069
   12490    20001229        85.00000       103.37500        81.56250      -0.090909      0.020426     -0.007035      0.004053
   12490    20010131       112.00000       116.61000        84.81250       0.317647      0.039599      0.225012      0.034637
   12490    20010228        99.90000       116.91000        99.90000      -0.106875     -0.099099     -0.074508     -0.092291
   12490    20010330        96.18000       107.55000        88.30000      -0.037237     -0.070390     -0.072696     -0.064205
   12490    20010430       115.14000       116.20000        90.39000       0.197130      0.083831      0.076441      0.076814
   12490    20010531       111.80000       119.60000       111.80000      -0.027792      0.010458      0.062201      0.005090
   12490    20010629       113.00000       117.50000       112.60000       0.010733     -0.017554      0.007720     -0.025004
   12490    20010731       105.21000       114.35000       101.96000      -0.068938     -0.018294     -0.028407     -0.010772
   12490    20010831        99.95000       108.80000        99.95000      -0.048665     -0.058980     -0.035009     -0.064108
   12490    20010928        91.72000       101.49000        90.00000      -0.082341     -0.091488     -0.127801     -0.081723
   12490    20011031       108.07000       111.16000        92.71000       0.178260      0.027833      0.078105      0.018099
   12490    20011130       115.59000       116.70000       109.50000       0.070880      0.078780      0.080810      0.075176
   12490    20011231       120.96000       123.89000       114.13000       0.046457      0.017848      0.057742      0.007574
   12490    20020131       107.89000       125.60000       103.00000      -0.108052     -0.015977      0.018178     -0.015574
   12490    20020228        98.12000       108.07000        96.38000      -0.089258     -0.021695     -0.033060     -0.020766
   12490    20020328       104.00000       108.50000       102.90000       0.059927      0.044682      0.074666      0.036739
   12490    20020430        83.76000       102.86000        83.76000      -0.194615     -0.049617     -0.003169     -0.061418
   12490    20020531        80.45000        85.69000        76.00000      -0.037727     -0.010523     -0.015518     -0.009081
   12490    20020628        72.00000        80.55000        68.60000      -0.105034     -0.070249     -0.067318     -0.072465
   12490    20020731        70.40000        73.50000        66.40000      -0.022222     -0.081152     -0.107499     -0.078995
   12490    20020830        75.38000        82.49000        65.99000       0.072869      0.007979      0.006337      0.004881
   12490    20020930        58.31000        75.60000        58.31000      -0.226453     -0.099920     -0.084490     -0.110013
   12490    20021031        78.94000        78.94000        55.07000       0.353799      0.074923      0.042773      0.086436
   12490    20021129        86.92000        87.70000        77.29000       0.102990      0.061271      0.117775      0.057070
   12490    20021231        77.50000        87.30000        76.25000      -0.108375     -0.053313     -0.040159     -0.060333
   12490    20030131        78.20000        88.58000        78.20000       0.009032     -0.023392      0.006068     -0.027415
   12490    20030228        77.95000        79.95000        75.86000      -0.001279     -0.015390     -0.021448     -0.017004
   12490    20030331        78.43000        84.90000        75.18000       0.006158      0.010325      0.009434      0.008358
   12490    20030430        84.90000        85.75000        78.71000       0.082494      0.082762      0.098222      0.081044
   12490    20030530        88.04000        89.98000        85.26000       0.038869      0.063471      0.133177      0.050899
   12490    20030630        82.50000        87.33000        80.05000      -0.062926      0.016336      0.049741      0.011322
   12490    20030731        81.25000        86.74000        80.96000      -0.015152      0.023112      0.061927      0.016224
   12490    20030829        82.01000        83.52000        79.75000       0.011323      0.024966      0.047429      0.017873
   12490    20030930        88.33000        93.28000        85.76000       0.077064     -0.009112      0.025239     -0.011944
   12490    20031031        89.48000        93.20000        88.15000       0.013019      0.060319      0.080930      0.054962
   12490    20031128        90.54000        91.09000        88.26000       0.013634      0.016593      0.038147      0.007129
   12490    20031231        92.68000        93.98000        90.30000       0.023636      0.045489      0.038908      0.050765
   12490    20040130        99.23000        99.85000        89.70000       0.070673      0.023049      0.065763      0.017276
   12490    20040227        96.50000       100.19000        95.96000      -0.025899      0.015458      0.013720      0.012209
   12490    20040331        91.84000        97.04000        91.02000      -0.048290     -0.010674      0.006293     -0.016359
   12490    20040430        88.17000        94.20000        88.17000      -0.039961     -0.024232     -0.043590     -0.016791
   12490    20040528        88.59000        89.00000        85.53000       0.006805      0.014068      0.002592      0.012083
   12490    20040630        88.15000        90.79000        87.35000      -0.004967      0.021578      0.022729      0.017989
   12490    20040730        87.07000        87.50000        83.65000      -0.012252     -0.037666     -0.051082     -0.034291
   12490    20040831        84.69000        86.69000        82.21000      -0.025267      0.002714     -0.004725      0.002287
   12490    20040930        85.74000        86.76000        83.88000       0.012398      0.020547      0.041594      0.009364
   12490    20041029        89.75000        90.00000        84.78000       0.046769      0.017805      0.020837      0.014014
   12490    20041130        94.24000        95.92000        90.11000       0.052033      0.048207      0.079929      0.038595
   12490    20041231        98.58000        98.58000        95.76000       0.046053      0.035177      0.052920      0.032458
   12490    20050131        93.42000        97.75000        91.79000      -0.052343     -0.026552     -0.029278     -0.025290
   12490    20050228        92.58000        94.62000        92.10000      -0.007065      0.022681      0.016637      0.018903
   12490    20050331        91.38000        93.30000        89.28000      -0.012962     -0.016948     -0.031835     -0.019118
   12490    20050429        76.38000        90.44000        72.01000      -0.164150     -0.025185     -0.046509     -0.020109
   12490    20050531        75.55000        77.16000        72.62000      -0.008248      0.037954      0.043808      0.029952
   12490    20050630        74.20000        77.35000        73.88000      -0.017869      0.011533      0.032153     -0.000143
   12490    20050729        83.46000        84.60000        74.67000       0.124798      0.043325      0.058745      0.035968
   12490    20050831        80.62000        84.06000        80.38000      -0.031632     -0.005946     -0.007217     -0.011222
   12490    20050930        80.22000        81.48000        77.41000      -0.004962      0.010606      0.010530      0.006949
   12490    20051031        81.88000        84.17000        79.70000       0.020693     -0.020877     -0.033876     -0.017741
   12490    20051130        88.90000        89.11000        81.06000       0.088178      0.040329      0.034319      0.035186
   12490    20051230        82.20000        89.21000        82.20000      -0.075366      0.003456      0.013484     -0.000952
   12490    20060131        81.30000        84.95000        80.72000      -0.010949      0.040033      0.076354      0.025467
   12490    20060228        80.24000        81.94000        79.51000      -0.010578     -0.001640      0.004836      0.000453
   12490    20060331        82.47000        84.45000        79.90000       0.027792      0.019053      0.036978      0.011065
   12490    20060428        82.34000        84.17000        80.75000      -0.001576      0.012964      0.009791      0.012187
   12490    20060531        79.90000        83.28000        79.78000      -0.025990     -0.031045     -0.044331     -0.030917
   12490    20060630        76.82000        80.69000        76.56000      -0.038548     -0.000386     -0.008479      0.000087
   12490    20060731        77.41000        78.09000        73.57000       0.007680     -0.001884     -0.022698      0.005086
   12490    20060831        80.97000        81.40000        75.33000       0.049864      0.025048      0.025011      0.021274
   12490    20060929        81.94000        83.42000        79.40000       0.011980      0.019424      0.009006      0.024566
   12490    20061031        92.33000        92.33000        81.65000       0.126800      0.037134      0.046211      0.031508
   12490    20061130        91.92000        93.81000        91.35000      -0.001191      0.023705      0.031168      0.016467
   12490    20061229        97.15000        97.20000        91.25000       0.056897      0.010854      0.014800      0.012616
   12490    20070131        99.15000       100.82000        96.17000       0.020587      0.019404      0.022283      0.014059
   12490    20070228        92.94000       100.38000        92.94000      -0.059607     -0.013994      0.002110     -0.021846
   12490    20070330        94.26000        95.36000        90.90000       0.014203      0.012946      0.006545      0.009980
   12490    20070430       102.21000       102.21000        94.29000       0.084341      0.039821      0.027044      0.043291
   12490    20070531       106.60000       107.99000       102.22000       0.046864      0.038932      0.023123      0.032549
   12490    20070629       105.25000       106.60000       101.80000      -0.012664     -0.014754     -0.007906     -0.017816
   12490    20070731       110.65000       118.10000       105.01000       0.051306     -0.031758     -0.043537     -0.031982
   12490    20070831       116.69000       116.69000       109.04000       0.058202      0.011631     -0.011737      0.012864
   12490    20070928       117.80000       118.19000       114.52000       0.009512      0.040849      0.025363      0.035794
   12490    20071031       116.12000       119.60000       112.28000      -0.014261      0.025833      0.017406      0.014822
   12490    20071130       105.18000       114.59000       100.25420      -0.090768     -0.049327     -0.076617     -0.044043
   12490    20071231       108.10000       111.65000       104.53000       0.027762     -0.004428     -0.010989     -0.008628
   12490    20080131       107.11000       107.11000        97.59000      -0.009158     -0.062147     -0.045082     -0.061163
   12490    20080229       113.86000       116.46000       102.34000       0.066754     -0.021664     -0.021401     -0.034761
   12490    20080331       115.14000       119.06000       112.52000       0.011242     -0.010420     -0.025310     -0.005960
   12490    20080430       120.70000       124.40000       114.81000       0.048289      0.051106      0.031907      0.047547
   12490    20080530       129.42999       129.71001       122.03000       0.076471      0.023841      0.031786      0.010674
   12490    20080630       118.53000       128.47000       118.53000      -0.084215     -0.078433     -0.086625     -0.085962
   12490    20080731       127.98000       130.00000       119.10000       0.079727     -0.013328     -0.001296     -0.009859
   12490    20080829       121.73000       129.16000       121.73000      -0.044929      0.010563      0.013023      0.012191
   12490    20080930       116.96000       120.11000       111.47000      -0.039185     -0.098007     -0.120095     -0.090791
   12490    20081031        92.97000       110.13000        79.66000      -0.205113     -0.184603     -0.205222     -0.169425
   12490    20081128        81.60000        93.40000        71.74000      -0.116919     -0.084615     -0.130320     -0.074849
   12490    20081231        84.16000        86.40000        76.90000       0.031373      0.022148      0.042177      0.007822
   12490    20090130        91.65000        94.82000        81.98000       0.088997     -0.077324     -0.024042     -0.085657
   12490    20090227        92.03000        96.82000        84.37000       0.009602     -0.100212     -0.107667     -0.109931
   12490    20090331        96.89000        98.78000        83.48000       0.052809      0.086690      0.107470      0.085405
   12490    20090430       103.21000       104.04000        97.61000       0.065229      0.109359      0.192762      0.093925
   12490    20090529       106.28000       106.28000       101.05000       0.035074      0.067789      0.102330      0.053081
   12490    20090630       104.42000       109.40000       104.15000      -0.017501     -0.003098      0.023921      0.000196
   12490    20090731       117.93000       117.93000       100.19000       0.129381      0.081719      0.085217      0.074142
   12490    20090831       118.05000       119.92000       116.86000       0.005681      0.031459      0.056864      0.033560
   12490    20090930       119.61000       122.11000       116.09000       0.013215      0.045222      0.071251      0.035723
   12490    20091030       120.61000       128.35001       117.90000       0.008361     -0.027993     -0.050612     -0.019762
   12490    20091130       126.35000       128.63000       120.56000       0.052152      0.057098      0.028444      0.057364
   12490    20091231       130.89999       132.57001       126.80000       0.036011      0.028419      0.055000      0.017771
   12490    20100129       122.39000       134.14000       122.39000      -0.065011     -0.037096     -0.011388     -0.036974
   12490    20100226       127.16000       127.81000       121.88000       0.043468      0.034775      0.033603      0.028514
   12490    20100331       128.25000       129.37000       125.55000       0.008572      0.063605      0.069271      0.058796
   12490    20100430       129.00000       132.23000       127.61000       0.005848      0.020043      0.057837      0.014759
   12490    20100528       125.26000       132.67999       122.10000      -0.023953     -0.079137     -0.076968     -0.081976
   12490    20100630       123.48000       130.98000       123.48000      -0.014210     -0.050717     -0.056666     -0.053882
   12490    20100730       128.39999       130.72000       121.86000       0.039844      0.070293      0.059958      0.068778
   12490    20100831       123.13000       132.00000       122.78000      -0.035981     -0.042813     -0.047592     -0.047449
   12490    20100930       134.14000       135.48000       125.04000       0.089418      0.091517      0.096370      0.087551
   12490    20101029       143.60001       143.60001       135.25000       0.070523      0.038531      0.040681      0.036856
   12490    20101130       141.46001       146.92000       141.46001      -0.010376      0.005107      0.010661     -0.002290
   12490    20101231       146.75999       146.75999       144.02000       0.037466      0.067150      0.068774      0.065300
   12490    20110131       162.00000       162.00000       147.05000       0.103843      0.019157      0.014412      0.022646
   12490    20110228       161.88000       166.05000       160.17999       0.003272      0.038165      0.037036      0.031957
   12490    20110331       163.07001       165.86000       153.00000       0.007351      0.003366      0.008605     -0.001047
   12490    20110429       170.58000       170.78000       163.25000       0.046054      0.028688      0.019203      0.028495
   12490    20110531       168.92999       172.87000       167.17999      -0.005276     -0.014935     -0.018550     -0.013501
   12490    20110630       171.55000       171.55000       162.33000       0.015509     -0.018395     -0.024106     -0.018258
   12490    20110729       181.85001       185.21001       174.05000       0.060041     -0.022469     -0.021813     -0.021474
   12490    20110831       171.91000       180.75000       157.53999      -0.050536     -0.057472     -0.075715     -0.056791
   12490    20110930       174.87000       179.17000       161.37000       0.017218     -0.084873     -0.100921     -0.071762
   12490    20111031       184.63000       190.53000       173.28999       0.055813      0.113982      0.107697      0.107723
   12490    20111130       188.00000       188.75000       177.06000       0.022315     -0.006226     -0.020645     -0.005059
   12490    20111230       183.88000       194.56000       181.47000      -0.021915      0.003702     -0.003561      0.008533
   12490    20120131       192.60001       192.60001       179.16000       0.047422      0.054077      0.085342      0.043583
   12490    20120229       196.73000       197.98000       191.53000       0.025337      0.041186      0.036494      0.040589
   12490    20120330       208.64999       208.64999       197.25999       0.060591      0.023994      0.017600      0.031332
   12490    20120430       207.08000       209.50000       198.62000      -0.007525     -0.006801     -0.009106     -0.007497
   12490    20120531       192.89999       208.06000       192.89999      -0.064371     -0.065531     -0.068438     -0.062651
   12490    20120629       195.58000       199.10001       188.53999       0.013893      0.038156      0.034177      0.039555
   12490    20120731       195.98000       196.67999       183.09000       0.002045      0.010266     -0.003281      0.012598
   12490    20120831       194.85001       201.22000       193.37000      -0.001429      0.026265      0.024820      0.019763
   12490    20120928       207.45000       207.45000       194.53999       0.064665      0.026539      0.034924      0.024236
   12490    20121031       194.53000       211.00000       190.72000      -0.062280     -0.014101     -0.013487     -0.019789
   12490    20121130       190.07001       197.14999       185.50999      -0.018558      0.006193      0.002790      0.002847
   12490    20121231       191.55000       195.69000       188.64999       0.007787      0.012531      0.021872      0.007068
   12490    20130131       203.07001       204.97000       192.32001       0.060141      0.054093      0.063509      0.050428
   12490    20130228       200.83000       205.17999       197.50999      -0.006845      0.008331      0.003500      0.011061
   12490    20130328       213.30000       215.80000       202.91000       0.062092      0.035274      0.031412      0.035988
   12490    20130430       202.53999       214.36000       187.83000      -0.050445      0.014945      0.002477      0.018086
   12490    20130531       208.02000       209.36000       199.63000       0.031747      0.019066      0.023973      0.020763
   12490    20130628       191.11000       208.95000       191.11000      -0.081290     -0.015039     -0.013012     -0.014999
   12490    20130731       195.03999       197.99001       191.28000       0.020564      0.052681      0.054898      0.049462
   12490    20130830       182.27000       195.81000       182.16000      -0.060603     -0.025714     -0.017278     -0.031298
   12490    20130930       185.17999       194.42000       183.03000       0.015965      0.037477      0.051828      0.029749
   12490    20131031       179.21001       186.97000       172.86000      -0.032239      0.039851      0.025762      0.044596
   12490    20131129       179.67999       185.25000       177.31000       0.007924      0.024947      0.023398      0.028049
   12490    20131231       187.57001       187.57001       172.80000       0.043911      0.026126      0.025242      0.023563
   12490    20140131       176.67999       190.09000       176.39999      -0.058058     -0.029957     -0.001282     -0.035583
   12490    20140228       185.17000       185.27000       172.84000       0.053430      0.046173      0.044257      0.043117
   12490    20140331       192.49001       195.03999       182.21001       0.039531      0.004469      0.001027      0.006932
   12490    20140430       196.47000       197.77000       189.63000       0.020676      0.001660     -0.022319      0.006201
   12490    20140530       184.36000       193.53000       183.08000      -0.056039      0.020218      0.006647      0.021030
   12490    20140630       181.27000       186.37000       180.37000      -0.016761      0.027941      0.039496      0.019058
   12490    20140731       191.67000       195.78000       186.35001       0.057373     -0.020524     -0.035223     -0.015080
   12490    20140829       192.30000       192.99001       184.30000       0.009026      0.040171      0.033687      0.037655
   12490    20140930       189.83000       194.00000       189.00999      -0.012845     -0.025129     -0.045004     -0.015514
   12490    20141031       164.39999       189.36000       161.78999      -0.133962      0.021176      0.014195      0.023201
   12490    20141128       162.17000       164.36000       160.64000      -0.006873      0.021150     -0.002457      0.024534
   12490    20141231       160.44000       164.52000       151.41000      -0.010668     -0.003616     -0.000214     -0.004189
   12490    20150130       153.31000       162.06000       151.55000      -0.044440     -0.027152     -0.019073     -0.031041
   12490    20150227       161.94000       164.83000       154.66000       0.063466      0.055948      0.054123      0.054893
   12490    20150331       160.50000       164.63000       154.28000      -0.008892     -0.010439     -0.005137     -0.017396
   12490    20150430       171.28999       174.39999       159.17999       0.067227      0.008722      0.015127      0.008521
   12490    20150529       169.64999       174.05000       169.64999      -0.001985      0.010323      0.003956      0.010491
   12490    20150630       162.66000       170.17999       162.66000      -0.041202     -0.019258     -0.013477     -0.021012
   12490    20150731       161.99001       173.22000       159.07001      -0.004119      0.012095     -0.027148      0.019742
   12490    20150831       147.89000       158.71001       140.96001      -0.079017     -0.059993     -0.047289     -0.062581
   12490    20150930       144.97000       148.41000       142.47000      -0.019744     -0.033735     -0.049941     -0.026443
   12490    20151030       140.08000       152.39000       137.86000      -0.033731      0.073960      0.052846      0.082983
   12490    20151130       139.42000       141.88000       131.75000       0.004569      0.002442      0.007330      0.000505
   12490    20151231       137.62000       141.28000       134.57001      -0.012911     -0.022261     -0.035915     -0.017530
